ISS (ZARYA)             
1 25544U 98067A   26108.07046201  .00007259  00000+0  14069-3 0  9992
2 25544  51.6329 237.6272 0006576 320.1418  39.9086 15.48808425562430
POISK                   
1 36086U 09060A   26108.07046201  .00007259  00000+0  14069-3 0  9990
2 36086  51.6329 237.6272 0006576 320.1418  39.9086 15.48808425561498
CSS (TIANHE)            
1 48274U 21035A   26108.04590215  .00020203  00000+0  22357-3 0  9997
2 48274  41.4679 328.3459 0006178 229.5609 130.4692 15.62499605283765
ISS (NAUKA)             
1 49044U 21066A   26108.07046201  .00007259  00000+0  14069-3 0  9998
2 49044  51.6329 237.6272 0006576 320.1418  39.9086 15.48808425561531
FREGAT DEB              
1 49271U 11037PF  26108.23687171  .00000980  00000+0  16109-2 0  9992
2 49271  51.6415 181.9872 0945415 150.0785 215.7731 12.40993473217601
CSS (WENTIAN)           
1 53239U 22085A   26108.04590215  .00020203  00000+0  22357-3 0  9990
2 53239  41.4679 328.3459 0006178 229.5609 130.4692 15.62499605283133
CSS (MENGTIAN)          
1 54216U 22143A   26108.04590215  .00020203  00000+0  22357-3 0  9991
2 54216  41.4679 328.3459 0006178 229.5609 130.4692 15.62499605284152
TIANZHOU-9              
1 64786U 25149A   26108.04590215  .00020203  00000+0  22357-3 0  9993
2 64786  41.4679 328.3459 0006178 229.5609 130.4692 15.62499605284155
PROGRESS-MS 32          
1 65586U 25204A   26108.07046201  .00007259  00000+0  14069-3 0  9995
2 65586  51.6329 237.6272 0006576 320.1418  39.9086 15.48808425554509
BOTAN                   
1 65943U 98067XQ  26107.57915279  .02522212  11972-4  93484-3 0  9999
2 65943  51.6107 211.5971 0012270 329.0663  30.9633 16.23557719 29704
HRC MONOBLOCK CAMERA    
1 66052U 98067XR  26107.73108963  .00042457  00000+0  40202-3 0  9994
2 66052  51.6269 227.8484 0004190 296.2015  63.8549 15.66506716 28507
HTV-X1                  
1 66174U 25241A   26108.10207471  .00005808  00000+0  19270-3 0  9999
2 66174  51.6364 243.0063 0007609 325.5223  34.5264 15.32678705 26986
SZ-21 MODULE            
1 66515U 25246C   26107.99950706  .00030878  00000+0  23456-3 0  9991
2 66515  41.4740 320.8041 0004504 286.6997  73.3351 15.71618408 24259
SHENZHOU-22             
1 66645U 25272A   26108.04590215  .00020203  00000+0  22357-3 0  9996
2 66645  41.4679 328.3459 0006178 229.5609 130.4692 15.62499605284151
SOYUZ-MS 28             
1 66664U 25275A   26108.07046201  .00007259  00000+0  14069-3 0  9991
2 66664  51.6329 237.6272 0006576 320.1418  39.9086 15.48808425561774
DUPLEX                  
1 66906U 98067XS  26107.72509734  .00018595  00000+0  24295-3 0  9992
2 66906  51.6288 233.8209 0004105 305.2412  54.8196 15.58692670 21211
ISS OBJECT XT           
1 66907U 98067XT  26107.60831699  .00276836  00000+0  98527-3 0  9991
2 66907  51.6202 224.7027 0011045 324.1887  35.8376 15.87547730 21321
ISS OBJECT XU           
1 66908U 98067XU  26108.04003143  .00300791  00000+0  10283-2 0  9996
2 66908  51.6205 222.3300 0011150 325.6900  34.3383 15.88299606 21398
SILVERSAT               
1 66909U 98067XV  26106.56755711  .00764812  28915-3  12799-2 0  9998
2 66909  51.6139 227.4458 0014274 326.0751  33.9346 16.02081806 21194
ISS OBJECT XW           
1 66910U 98067XW  26107.51941458  .00203348  00000+0  86965-3 0  9991
2 66910  51.6191 225.6053 0010268 318.5885  41.4338 15.83959237 21306
ISS OBJECT XY           
1 66912U 98067XY  26108.03356690  .00106858  00000+0  78342-3 0  9997
2 66912  51.6240 226.8508 0007030 317.6366  42.4088 15.72298875 21325
KNACKSAT-2              
1 67683U 98067XZ  26107.64634571  .00028417  00000+0  42009-3 0  9991
2 67683  51.6301 237.7977 0011694 333.0256  27.0126 15.55013169 10840
CORAL                   
1 67684U 98067YA  26107.38366178  .00062386  00000+0  72060-3 0  9991
2 67684  51.6282 237.5408 0015418 324.5537  35.4431 15.61154222 10824
GXIBA-1                 
1 67685U 98067YB  26108.07760781  .00037653  00000+0  53752-3 0  9993
2 67685  51.6305 235.4276 0013660 331.6403  28.3843 15.55789866 10918
UITMSAT-2               
1 67686U 98067YC  26107.53378820  .00035190  00000+0  47866-3 0  9996
2 67686  51.6301 237.7979 0010504 308.9048  51.1006 15.57172151 10837
HMU-SAT2                
1 67687U 98067YD  26107.37955372  .00028155  00000+0  41037-3 0  9999
2 67687  51.6313 239.0205 0009834 309.6897  50.3227 15.55427589 10722
LEOPARD                 
1 67688U 98067YE  26108.06105730  .00037869  00000+0  52620-3 0  9994
2 67688  51.6300 235.3199 0010160 311.5426  48.4693 15.56565673 10839
CREW DRAGON 12          
1 67796U 26031A   26108.07046201  .00007259  00000+0  14069-3 0  9999
2 67796  51.6329 237.6272 0006576 320.1418  39.9086 15.48808425562503
PROGRESS-MS 33          
1 68319U 26058A   26108.07046201  .00007259  00000+0  14069-3 0  9990
2 68319  51.6329 237.6272 0006576 320.1418  39.9086 15.48808425  3167
CYGNUS NG-24            
1 68689U 26079A   26108.07046201  .00007259  00000+0  14069-3 0  9993
2 68689  51.6329 237.6272 0006576 320.1418  39.9086 15.48808425   984
